n k p r time
2 1 0 0 0.0002
2 1 0 1 0.0001
2 1 1 0 0.0001
2 1 1 1 0.0001
4 1 0 0 0.0003
4 1 0 1 0.0001
4 1 1 0 0.0002
4 1 1 1 0.0001
4 2 0 0 0.0003
4 2 0 1 0.0002
4 2 1 0 0.0002
4 2 1 1 0.0001
8 1 0 0 0.0004
8 1 0 1 0.0002
8 1 1 0 0.0004
8 1 1 1 0.0002
8 2 0 0 0.0004
8 2 0 1 0.0002
8 2 1 0 0.0004
8 2 1 1 0.0002
8 4 0 0 0.0005
8 4 0 1 0.0002
8 4 1 0 0.0005
8 4 1 1 0.0002
16 1 0 0 0.0008
16 1 0 1 0.0003
16 1 1 0 0.0006
16 1 1 1 0.0003
16 2 0 0 0.0009
16 2 0 1 0.0004
16 2 1 0 0.0007
16 2 1 1 0.0003
16 4 0 0 0.0011
16 4 0 1 0.0004
16 4 1 0 0.0009
16 4 1 1 0.0004
16 8 0 0 0.0013
16 8 0 1 0.0006
16 8 1 0 0.001
16 8 1 1 0.0005
32 1 0 0 0.0014
32 1 0 1 0.0006
32 1 1 0 0.001
32 1 1 1 0.0004
32 2 0 0 0.0017
32 2 0 1 0.0007
32 2 1 0 0.0014
32 2 1 1 0.0005
32 4 0 0 0.0023
32 4 0 1 0.0009
32 4 1 0 0.0017
32 4 1 1 0.0008
32 8 0 0 0.0029
32 8 0 1 0.0011
32 8 1 0 0.0036
32 8 1 1 0.001
32 16 0 0 0.0043
32 16 0 1 0.0018
32 16 1 0 0.0037
32 16 1 1 0.0014
64 1 0 0 0.0029
64 1 0 1 0.0013
64 1 1 0 0.002
64 1 1 1 0.0008
64 2 0 0 0.0035
64 2 0 1 0.0013
64 2 1 0 0.0024
64 2 1 1 0.0011
64 4 0 0 0.0048
64 4 0 1 0.0018
64 4 1 0 0.0037
64 4 1 1 0.0015
64 8 0 0 0.0064
64 8 0 1 0.0025
64 8 1 0 0.0057
64 8 1 1 0.0021
64 16 0 0 0.0102
64 16 0 1 0.0036
64 16 1 0 0.0089
64 16 1 1 0.0035
64 32 0 0 0.0132
64 32 0 1 0.0057
64 32 1 0 0.0123
64 32 1 1 0.0053
128 1 0 0 0.0079
128 1 0 1 0.0029
128 1 1 0 0.0045
128 1 1 1 0.0018
128 2 0 0 0.0104
128 2 0 1 0.0039
128 2 1 0 0.0054
128 2 1 1 0.0021
128 4 0 0 0.0158
128 4 0 1 0.0058
128 4 1 0 0.0079
128 4 1 1 0.0031
128 8 0 0 0.0178
128 8 0 1 0.0069
128 8 1 0 0.0123
128 8 1 1 0.0045
128 16 0 0 0.0257
128 16 0 1 0.0098
128 16 1 0 0.0202
128 16 1 1 0.0074
128 32 0 0 0.0402
128 32 0 1 0.0143
128 32 1 0 0.0328
128 32 1 1 0.012
128 64 0 0 0.0538
128 64 0 1 0.02
128 64 1 0 0.0485
128 64 1 1 0.0177
256 1 0 0 0.0144
256 1 0 1 0.0057
256 1 1 0 0.0089
256 1 1 1 0.0032
256 2 0 0 0.0207
256 2 0 1 0.0083
256 2 1 0 0.0111
256 2 1 1 0.0041
256 4 0 0 0.0306
256 4 0 1 0.0122
256 4 1 0 0.0166
256 4 1 1 0.0064
256 8 0 0 0.0519
256 8 0 1 0.0196
256 8 1 0 0.0261
256 8 1 1 0.0098
256 16 0 0 0.0943
256 16 0 1 0.0377
256 16 1 0 0.0507
256 16 1 1 0.0176
256 32 0 0 0.1407
256 32 0 1 0.0528
256 32 1 0 0.086
256 32 1 1 0.0296
256 64 0 0 0.1886
256 64 0 1 0.0702
256 64 1 0 0.1417
256 64 1 1 0.0521
256 128 0 0 0.2494
256 128 0 1 0.0931
256 128 1 0 0.2007
256 128 1 1 0.0715
512 1 0 0 0.0331
512 1 0 1 0.0119
512 1 1 0 0.0202
512 1 1 1 0.0062
512 2 0 0 0.0506
512 2 0 1 0.0161
512 2 1 0 0.025
512 2 1 1 0.0081
512 4 0 0 0.0673
512 4 0 1 0.0249
512 4 1 0 0.0357
512 4 1 1 0.0131
512 8 0 0 0.1148
512 8 0 1 0.0432
512 8 1 0 0.0575
512 8 1 1 0.0223
512 16 0 0 0.2044
512 16 0 1 0.0762
512 16 1 0 0.0991
512 16 1 1 0.035
512 32 0 0 0.3868
512 32 0 1 0.1438
512 32 1 0 0.1777
512 32 1 1 0.0679
512 64 0 0 0.6756
512 64 0 1 0.2753
512 64 1 0 0.3239
512 64 1 1 0.1185
512 128 0 0 1.0781
512 128 0 1 0.3963
512 128 1 0 0.6124
512 128 1 1 0.2064
512 256 0 0 1.2778
512 256 0 1 0.4867
512 256 1 0 0.8475
512 256 1 1 0.3028
1024 1 0 0 0.064
1024 1 0 1 0.0235
1024 1 1 0 0.0387
1024 1 1 1 0.0124
1024 2 0 0 0.0867
1024 2 0 1 0.0319
1024 2 1 0 0.0501
1024 2 1 1 0.0169
1024 4 0 0 0.1306
1024 4 0 1 0.0498
1024 4 1 0 0.0717
1024 4 1 1 0.0244
1024 8 0 0 0.219
1024 8 0 1 0.0816
1024 8 1 0 0.1173
1024 8 1 1 0.0402
1024 16 0 0 0.391
1024 16 0 1 0.1508
1024 16 1 0 0.1984
1024 16 1 1 0.0718
1024 32 0 0 0.7381
1024 32 0 1 0.2897
1024 32 1 0 0.373
1024 32 1 1 0.1318
1024 64 0 0 1.3971
1024 64 0 1 0.542
1024 64 1 0 0.6814
1024 64 1 1 0.2526
1024 128 0 0 2.6296
1024 128 0 1 1.0394
1024 128 1 0 1.2959
1024 128 1 1 0.4703
1024 256 0 0 4.8125
1024 256 0 1 1.8855
1024 256 1 0 2.2888
1024 256 1 1 0.8253
1024 512 0 0 7.066
1024 512 0 1 2.7199
1024 512 1 0 3.6302
1024 512 1 1 1.3593
2048 1 0 0 0.1438
2048 1 0 1 0.0455
2048 1 1 0 0.0908
2048 1 1 1 0.0249
2048 2 0 0 0.1865
2048 2 0 1 0.0659
2048 2 1 0 0.1124
2048 2 1 1 0.0329
2048 4 0 0 0.2721
2048 4 0 1 0.1001
2048 4 1 0 0.1568
2048 4 1 1 0.0485
2048 8 0 0 0.4465
2048 8 0 1 0.1707
2048 8 1 0 0.2407
2048 8 1 1 0.0802
2048 16 0 0 0.8025
2048 16 0 1 0.3019
2048 16 1 0 0.4099
2048 16 1 1 0.1451
2048 32 0 0 1.4712
2048 32 0 1 0.5689
2048 32 1 0 0.7374
2048 32 1 1 0.2716
2048 64 0 0 2.8614
2048 64 0 1 1.0915
2048 64 1 0 1.4019
2048 64 1 1 0.514
2048 128 0 0 5.5381
2048 128 0 1 2.1553
2048 128 1 0 2.6511
2048 128 1 1 0.9837
2048 256 0 0 10.4848
2048 256 0 1 4.0962
2048 256 1 0 5.0883
2048 256 1 1 1.8487
2048 512 0 0 19.029
2048 512 0 1 7.5362
2048 512 1 0 9.0199
2048 512 1 1 3.2717
2048 1024 0 0 30.3783
2048 1024 0 1 12.3374
2048 1024 1 0 14.7326
2048 1024 1 1 5.4452
4096 1 0 0 0.2817
4096 1 0 1 0.0908
4096 1 1 0 0.1813
4096 1 1 1 0.0523
4096 2 0 0 0.3647
4096 2 0 1 0.1281
4096 2 1 0 0.2257
4096 2 1 1 0.0683
4096 4 0 0 0.5418
4096 4 0 1 0.1964
4096 4 1 0 0.3156
4096 4 1 1 0.1002
4096 8 0 0 0.9009
4096 8 0 1 0.338
4096 8 1 0 0.4847
4096 8 1 1 0.1619
4096 16 0 0 1.6396
4096 16 0 1 0.6176
4096 16 1 0 0.8389
4096 16 1 1 0.2883
4096 32 0 0 3.0506
4096 32 0 1 1.161
4096 32 1 0 1.5039
4096 32 1 1 0.5427
4096 64 0 0 5.7895
4096 64 0 1 2.2103
4096 64 1 0 2.8423
4096 64 1 1 1.0266
4096 128 0 0 11.2211
4096 128 0 1 4.5266
4096 128 1 0 5.5621
4096 128 1 1 1.9859
4096 256 0 0 21.8508
4096 256 0 1 8.3806
4096 256 1 0 10.6124
4096 256 1 1 3.7605
4096 512 0 0 41.707
4096 512 0 1 15.9175
4096 512 1 0 20.3511
4096 512 1 1 7.3815
4096 1024 0 0 75.2373
4096 1024 0 1 29.8584
4096 1024 1 0 36.2804
4096 1024 1 1 13.5177
4096 2048 0 0 122.6387
4096 2048 0 1 48.2995
4096 2048 1 0 57.5257
4096 2048 1 1 21.5153
8192 1 0 0 0.6721
8192 1 0 1 0.183
8192 1 1 0 0.4823
8192 1 1 1 0.1031
8192 2 0 0 0.8592
8192 2 0 1 0.253
8192 2 1 0 0.5744
8192 2 1 1 0.1363
8192 4 0 0 1.221
8192 4 0 1 0.3946
8192 4 1 0 0.7424
8192 4 1 1 0.1983
8192 8 0 0 1.8947
8192 8 0 1 0.6569
8192 8 1 0 1.0928
8192 8 1 1 0.3275
8192 16 0 0 3.3113
8192 16 0 1 1.2047
8192 16 1 0 1.7731
8192 16 1 1 0.5674
8192 32 0 0 6.2476
8192 32 0 1 2.3011
8192 32 1 0 3.1051
8192 32 1 1 1.1042
8192 64 0 0 11.7964
8192 64 0 1 4.451
8192 64 1 0 5.8332
8192 64 1 1 2.0418
8192 128 0 0 22.6346
8192 128 0 1 8.7685
8192 128 1 0 11.3433
8192 128 1 1 3.9949
8192 256 0 0 44.6362
8192 256 0 1 17.2496
8192 256 1 0 21.7997
8192 256 1 1 8.0028
8192 512 0 0 87.2657
8192 512 0 1 33.2682
8192 512 1 0 41.9907
8192 512 1 1 15.2299
8192 1024 0 0 166.9634
8192 1024 0 1 65.0686
8192 1024 1 0 83.0072
8192 1024 1 1 29.7072
8192 2048 0 0 316.2729
8192 2048 0 1 122.9443
8192 2048 1 0 151.8694
8192 2048 1 1 57.4884
8192 4096 0 0 516.5594
8192 4096 0 1 203.1057
8192 4096 1 0 237.9028
8192 4096 1 1 86.363
16384 1 0 0 1.3562
16384 1 0 1 0.3953
16384 1 1 0 0.9673
16384 1 1 1 0.2186
16384 2 0 0 1.7209
16384 2 0 1 0.5144
16384 2 1 0 1.1664
16384 2 1 1 0.2691
16384 4 0 0 2.4805
16384 4 0 1 0.7906
16384 4 1 0 1.4967
16384 4 1 1 0.4045
16384 8 0 0 3.8896
16384 8 0 1 1.3473
16384 8 1 0 2.2216
16384 8 1 1 0.6709
16384 16 0 0 6.8384
16384 16 0 1 2.5039
16384 16 1 0 3.5461
16384 16 1 1 1.1508
16384 32 0 0 12.3449
16384 32 0 1 4.6739
16384 32 1 0 6.2231
16384 32 1 1 2.1701
16384 64 0 0 23.8108
16384 64 0 1 9.3473
16384 64 1 0 11.9788
16384 64 1 1 4.1292
16384 128 0 0 45.9406
16384 128 0 1 18.0559
16384 128 1 0 22.7147
16384 128 1 1 8.0384
16384 256 0 0 90.2886
16384 256 0 1 34.8166
16384 256 1 0 44.147
16384 256 1 1 15.7626
16384 512 0 0 178.5692
16384 512 0 1 70.0329
16384 512 1 0 86.5679
16384 512 1 1 32.3985
16384 1024 0 0 355.3883
16384 1024 0 1 133.4221
16384 1024 1 0 167.9347
16384 1024 1 1 62.9095
16384 2048 0 0 689.7223
16384 2048 0 1 256.6295
16384 2048 1 0 326.1765
16384 2048 1 1 119.6374
16384 4096 0 0 1229.2186
16384 4096 0 1 476.897
16384 4096 1 0 609.7336
16384 4096 1 1 214.3127
16384 8192 0 0 1990.2708
16384 8192 0 1 771.1113
16384 8192 1 0 932.8015
16384 8192 1 1 337.8418
32768 1 0 0 3.6701
32768 1 0 1 0.7794
32768 1 1 0 2.8666
32768 1 1 1 0.4126
32768 2 0 0 4.3487
32768 2 0 1 1.0515
32768 2 1 0 3.1835
32768 2 1 1 0.546
32768 4 0 0 5.8216
32768 4 0 1 1.5827
32768 4 1 0 3.9156
32768 4 1 1 0.8052
32768 8 0 0 8.651
32768 8 0 1 2.7314
32768 8 1 0 5.3495
32768 8 1 1 1.2772
32768 16 0 0 14.4187
32768 16 0 1 4.7612
32768 16 1 0 8.0797
32768 16 1 1 2.4129
32768 32 0 0 26.2271
32768 32 0 1 9.0618
32768 32 1 0 13.3679
32768 32 1 1 4.3364
32768 64 0 0 48.634
32768 64 0 1 17.7751
32768 64 1 0 24.3922
32768 64 1 1 8.1247
32768 128 0 0 96.6251
32768 128 0 1 36.6426
32768 128 1 0 46.9217
32768 128 1 1 16.2022
32768 256 0 0 185.7489
32768 256 0 1 70.3255
32768 256 1 0 89.4354
32768 256 1 1 32.0929
32768 512 0 0 374.1425
32768 512 0 1 140.6612
32768 512 1 0 186.9183
32768 512 1 1 63.9867
32768 1024 0 0 758.686
32768 1024 0 1 278.5672
32768 1024 1 0 366.1447
32768 1024 1 1 125.4991
32768 2048 0 0 1406.3732
32768 2048 0 1 550.2136
